100 400 1
generic
0 0 0 0 1.0 0.0 0.0 1.0 generic flip
1 0 1 0 1.0 0.0 0.0 1.0 generic flip
2 0 2 0 1.0 0.0 0.0 1.0 generic flip
3 0 3 0 1.0 0.0 0.0 1.0 generic flip
4 0 4 0 1.0 0.0 0.0 1.0 generic flip
5 0 5 0 1.0 0.0 0.0 1.0 generic flip
6 0 6 0 1.0 0.0 0.0 1.0 generic flip
7 0 7 0 1.0 0.0 0.0 1.0 generic flip
8 0 8 0 1.0 0.0 0.0 1.0 generic flip
9 0 9 0 1.0 0.0 0.0 1.0 generic flip
10 1 0 0 1.0 0.0 0.0 1.0 generic flip
11 1 1 0 1.0 0.0 0.0 1.0 generic flip
12 1 2 0 1.0 0.0 0.0 1.0 generic flip
13 1 3 0 1.0 0.0 0.0 1.0 generic flip
14 1 4 0 1.0 0.0 0.0 1.0 generic flip
15 1 5 0 1.0 0.0 0.0 1.0 generic flip
16 1 6 0 1.0 0.0 0.0 1.0 generic flip
17 1 7 0 1.0 0.0 0.0 1.0 generic flip
18 1 8 0 1.0 0.0 0.0 1.0 generic flip
19 1 9 0 1.0 0.0 0.0 1.0 generic flip
20 2 0 0 1.0 0.0 0.0 1.0 generic flip
21 2 1 0 1.0 0.0 0.0 1.0 generic flip
22 2 2 0 1.0 0.0 0.0 1.0 generic flip
23 2 3 0 1.0 0.0 0.0 1.0 generic flip
24 2 4 0 1.0 0.0 0.0 1.0 generic flip
25 2 5 0 1.0 0.0 0.0 1.0 generic flip
26 2 6 0 1.0 0.0 0.0 1.0 generic flip
27 2 7 0 1.0 0.0 0.0 1.0 generic flip
28 2 8 0 1.0 0.0 0.0 1.0 generic flip
29 2 9 0 1.0 0.0 0.0 1.0 generic flip
30 3 0 0 1.0 0.0 0.0 1.0 generic flip
31 3 1 0 1.0 0.0 0.0 1.0 generic flip
32 3 2 0 1.0 0.0 0.0 1.0 generic flip
33 3 3 0 1.0 0.0 0.0 1.0 generic flip
34 3 4 0 1.0 0.0 0.0 1.0 generic flip
35 3 5 0 1.0 0.0 0.0 1.0 generic flip
36 3 6 0 1.0 0.0 0.0 1.0 generic flip
37 3 7 0 1.0 0.0 0.0 1.0 generic flip
38 3 8 0 1.0 0.0 0.0 1.0 generic flip
39 3 9 0 1.0 0.0 0.0 1.0 generic flip
40 4 0 0 1.0 0.0 0.0 1.0 generic flip
41 4 1 0 1.0 0.0 0.0 1.0 generic flip
42 4 2 0 1.0 0.0 0.0 1.0 generic flip
43 4 3 0 1.0 0.0 0.0 1.0 generic flip
44 4 4 0 1.0 0.0 0.0 1.0 generic flip
45 4 5 0 1.0 0.0 0.0 1.0 generic flip
46 4 6 0 1.0 0.0 0.0 1.0 generic flip
47 4 7 0 1.0 0.0 0.0 1.0 generic flip
48 4 8 0 1.0 0.0 0.0 1.0 generic flip
49 4 9 0 1.0 0.0 0.0 1.0 generic flip
50 5 0 0 1.0 0.0 0.0 1.0 generic flip
51 5 1 0 1.0 0.0 0.0 1.0 generic flip
52 5 2 0 1.0 0.0 0.0 1.0 generic flip
53 5 3 0 1.0 0.0 0.0 1.0 generic flip
54 5 4 0 1.0 0.0 0.0 1.0 generic flip
55 5 5 0 1.0 0.0 0.0 1.0 generic flip
56 5 6 0 1.0 0.0 0.0 1.0 generic flip
57 5 7 0 1.0 0.0 0.0 1.0 generic flip
58 5 8 0 1.0 0.0 0.0 1.0 generic flip
59 5 9 0 1.0 0.0 0.0 1.0 generic flip
60 6 0 0 1.0 0.0 0.0 1.0 generic flip
61 6 1 0 1.0 0.0 0.0 1.0 generic flip
62 6 2 0 1.0 0.0 0.0 1.0 generic flip
63 6 3 0 1.0 0.0 0.0 1.0 generic flip
64 6 4 0 1.0 0.0 0.0 1.0 generic flip
65 6 5 0 1.0 0.0 0.0 1.0 generic flip
66 6 6 0 1.0 0.0 0.0 1.0 generic flip
67 6 7 0 1.0 0.0 0.0 1.0 generic flip
68 6 8 0 1.0 0.0 0.0 1.0 generic flip
69 6 9 0 1.0 0.0 0.0 1.0 generic flip
70 7 0 0 1.0 0.0 0.0 1.0 generic flip
71 7 1 0 1.0 0.0 0.0 1.0 generic flip
72 7 2 0 1.0 0.0 0.0 1.0 generic flip
73 7 3 0 1.0 0.0 0.0 1.0 generic flip
74 7 4 0 1.0 0.0 0.0 1.0 generic flip
75 7 5 0 1.0 0.0 0.0 1.0 generic flip
76 7 6 0 1.0 0.0 0.0 1.0 generic flip
77 7 7 0 1.0 0.0 0.0 1.0 generic flip
78 7 8 0 1.0 0.0 0.0 1.0 generic flip
79 7 9 0 1.0 0.0 0.0 1.0 generic flip
80 8 0 0 1.0 0.0 0.0 1.0 generic flip
81 8 1 0 1.0 0.0 0.0 1.0 generic flip
82 8 2 0 1.0 0.0 0.0 1.0 generic flip
83 8 3 0 1.0 0.0 0.0 1.0 generic flip
84 8 4 0 1.0 0.0 0.0 1.0 generic flip
85 8 5 0 1.0 0.0 0.0 1.0 generic flip
86 8 6 0 1.0 0.0 0.0 1.0 generic flip
87 8 7 0 1.0 0.0 0.0 1.0 generic flip
88 8 8 0 1.0 0.0 0.0 1.0 generic flip
89 8 9 0 1.0 0.0 0.0 1.0 generic flip
90 9 0 0 1.0 0.0 0.0 1.0 generic flip
91 9 1 0 1.0 0.0 0.0 1.0 generic flip
92 9 2 0 1.0 0.0 0.0 1.0 generic flip
93 9 3 0 1.0 0.0 0.0 1.0 generic flip
94 9 4 0 1.0 0.0 0.0 1.0 generic flip
95 9 5 0 1.0 0.0 0.0 1.0 generic flip
96 9 6 0 1.0 0.0 0.0 1.0 generic flip
97 9 7 0 1.0 0.0 0.0 1.0 generic flip
98 9 8 0 1.0 0.0 0.0 1.0 generic flip
99 9 9 0 1.0 0.0 0.0 1.0 generic flip
0 10 1.0
0 90 1.0
0 1 1.0
0 9 1.0
1 11 1.0
1 91 1.0
1 2 1.0
1 0 1.0
2 12 1.0
2 92 1.0
2 3 1.0
2 1 1.0
3 13 1.0
3 93 1.0
3 4 1.0
3 2 1.0
4 14 1.0
4 94 1.0
4 5 1.0
4 3 1.0
5 15 1.0
5 95 1.0
5 6 1.0
5 4 1.0
6 16 1.0
6 96 1.0
6 7 1.0
6 5 1.0
7 17 1.0
7 97 1.0
7 8 1.0
7 6 1.0
8 18 1.0
8 98 1.0
8 9 1.0
8 7 1.0
9 19 1.0
9 99 1.0
9 0 1.0
9 8 1.0
10 20 1.0
10 0 1.0
10 11 1.0
10 19 1.0
11 21 1.0
11 1 1.0
11 12 1.0
11 10 1.0
12 22 1.0
12 2 1.0
12 13 1.0
12 11 1.0
13 23 1.0
13 3 1.0
13 14 1.0
13 12 1.0
14 24 1.0
14 4 1.0
14 15 1.0
14 13 1.0
15 25 1.0
15 5 1.0
15 16 1.0
15 14 1.0
16 26 1.0
16 6 1.0
16 17 1.0
16 15 1.0
17 27 1.0
17 7 1.0
17 18 1.0
17 16 1.0
18 28 1.0
18 8 1.0
18 19 1.0
18 17 1.0
19 29 1.0
19 9 1.0
19 10 1.0
19 18 1.0
20 30 1.0
20 10 1.0
20 21 1.0
20 29 1.0
21 31 1.0
21 11 1.0
21 22 1.0
21 20 1.0
22 32 1.0
22 12 1.0
22 23 1.0
22 21 1.0
23 33 1.0
23 13 1.0
23 24 1.0
23 22 1.0
24 34 1.0
24 14 1.0
24 25 1.0
24 23 1.0
25 35 1.0
25 15 1.0
25 26 1.0
25 24 1.0
26 36 1.0
26 16 1.0
26 27 1.0
26 25 1.0
27 37 1.0
27 17 1.0
27 28 1.0
27 26 1.0
28 38 1.0
28 18 1.0
28 29 1.0
28 27 1.0
29 39 1.0
29 19 1.0
29 20 1.0
29 28 1.0
30 40 1.0
30 20 1.0
30 31 1.0
30 39 1.0
31 41 1.0
31 21 1.0
31 32 1.0
31 30 1.0
32 42 1.0
32 22 1.0
32 33 1.0
32 31 1.0
33 43 1.0
33 23 1.0
33 34 1.0
33 32 1.0
34 44 1.0
34 24 1.0
34 35 1.0
34 33 1.0
35 45 1.0
35 25 1.0
35 36 1.0
35 34 1.0
36 46 1.0
36 26 1.0
36 37 1.0
36 35 1.0
37 47 1.0
37 27 1.0
37 38 1.0
37 36 1.0
38 48 1.0
38 28 1.0
38 39 1.0
38 37 1.0
39 49 1.0
39 29 1.0
39 30 1.0
39 38 1.0
40 50 1.0
40 30 1.0
40 41 1.0
40 49 1.0
41 51 1.0
41 31 1.0
41 42 1.0
41 40 1.0
42 52 1.0
42 32 1.0
42 43 1.0
42 41 1.0
43 53 1.0
43 33 1.0
43 44 1.0
43 42 1.0
44 54 1.0
44 34 1.0
44 45 1.0
44 43 1.0
45 55 1.0
45 35 1.0
45 46 1.0
45 44 1.0
46 56 1.0
46 36 1.0
46 47 1.0
46 45 1.0
47 57 1.0
47 37 1.0
47 48 1.0
47 46 1.0
48 58 1.0
48 38 1.0
48 49 1.0
48 47 1.0
49 59 1.0
49 39 1.0
49 40 1.0
49 48 1.0
50 60 1.0
50 40 1.0
50 51 1.0
50 59 1.0
51 61 1.0
51 41 1.0
51 52 1.0
51 50 1.0
52 62 1.0
52 42 1.0
52 53 1.0
52 51 1.0
53 63 1.0
53 43 1.0
53 54 1.0
53 52 1.0
54 64 1.0
54 44 1.0
54 55 1.0
54 53 1.0
55 65 1.0
55 45 1.0
55 56 1.0
55 54 1.0
56 66 1.0
56 46 1.0
56 57 1.0
56 55 1.0
57 67 1.0
57 47 1.0
57 58 1.0
57 56 1.0
58 68 1.0
58 48 1.0
58 59 1.0
58 57 1.0
59 69 1.0
59 49 1.0
59 50 1.0
59 58 1.0
60 70 1.0
60 50 1.0
60 61 1.0
60 69 1.0
61 71 1.0
61 51 1.0
61 62 1.0
61 60 1.0
62 72 1.0
62 52 1.0
62 63 1.0
62 61 1.0
63 73 1.0
63 53 1.0
63 64 1.0
63 62 1.0
64 74 1.0
64 54 1.0
64 65 1.0
64 63 1.0
65 75 1.0
65 55 1.0
65 66 1.0
65 64 1.0
66 76 1.0
66 56 1.0
66 67 1.0
66 65 1.0
67 77 1.0
67 57 1.0
67 68 1.0
67 66 1.0
68 78 1.0
68 58 1.0
68 69 1.0
68 67 1.0
69 79 1.0
69 59 1.0
69 60 1.0
69 68 1.0
70 80 1.0
70 60 1.0
70 71 1.0
70 79 1.0
71 81 1.0
71 61 1.0
71 72 1.0
71 70 1.0
72 82 1.0
72 62 1.0
72 73 1.0
72 71 1.0
73 83 1.0
73 63 1.0
73 74 1.0
73 72 1.0
74 84 1.0
74 64 1.0
74 75 1.0
74 73 1.0
75 85 1.0
75 65 1.0
75 76 1.0
75 74 1.0
76 86 1.0
76 66 1.0
76 77 1.0
76 75 1.0
77 87 1.0
77 67 1.0
77 78 1.0
77 76 1.0
78 88 1.0
78 68 1.0
78 79 1.0
78 77 1.0
79 89 1.0
79 69 1.0
79 70 1.0
79 78 1.0
80 90 1.0
80 70 1.0
80 81 1.0
80 89 1.0
81 91 1.0
81 71 1.0
81 82 1.0
81 80 1.0
82 92 1.0
82 72 1.0
82 83 1.0
82 81 1.0
83 93 1.0
83 73 1.0
83 84 1.0
83 82 1.0
84 94 1.0
84 74 1.0
84 85 1.0
84 83 1.0
85 95 1.0
85 75 1.0
85 86 1.0
85 84 1.0
86 96 1.0
86 76 1.0
86 87 1.0
86 85 1.0
87 97 1.0
87 77 1.0
87 88 1.0
87 86 1.0
88 98 1.0
88 78 1.0
88 89 1.0
88 87 1.0
89 99 1.0
89 79 1.0
89 80 1.0
89 88 1.0
90 0 1.0
90 80 1.0
90 91 1.0
90 99 1.0
91 1 1.0
91 81 1.0
91 92 1.0
91 90 1.0
92 2 1.0
92 82 1.0
92 93 1.0
92 91 1.0
93 3 1.0
93 83 1.0
93 94 1.0
93 92 1.0
94 4 1.0
94 84 1.0
94 95 1.0
94 93 1.0
95 5 1.0
95 85 1.0
95 96 1.0
95 94 1.0
96 6 1.0
96 86 1.0
96 97 1.0
96 95 1.0
97 7 1.0
97 87 1.0
97 98 1.0
97 96 1.0
98 8 1.0
98 88 1.0
98 99 1.0
98 97 1.0
99 9 1.0
99 89 1.0
99 90 1.0
99 98 1.0
