400 1600 1
generic
0 0 0 0 1.0 0.0 0.0 1.0 generic flip
1 0 1 0 1.0 0.0 0.0 1.0 generic flip
2 0 2 0 1.0 0.0 0.0 1.0 generic flip
3 0 3 0 1.0 0.0 0.0 1.0 generic flip
4 0 4 0 1.0 0.0 0.0 1.0 generic flip
5 0 5 0 1.0 0.0 0.0 1.0 generic flip
6 0 6 0 1.0 0.0 0.0 1.0 generic flip
7 0 7 0 1.0 0.0 0.0 1.0 generic flip
8 0 8 0 1.0 0.0 0.0 1.0 generic flip
9 0 9 0 1.0 0.0 0.0 1.0 generic flip
10 0 10 0 1.0 0.0 0.0 1.0 generic flip
11 0 11 0 1.0 0.0 0.0 1.0 generic flip
12 0 12 0 1.0 0.0 0.0 1.0 generic flip
13 0 13 0 1.0 0.0 0.0 1.0 generic flip
14 0 14 0 1.0 0.0 0.0 1.0 generic flip
15 0 15 0 1.0 0.0 0.0 1.0 generic flip
16 0 16 0 1.0 0.0 0.0 1.0 generic flip
17 0 17 0 1.0 0.0 0.0 1.0 generic flip
18 0 18 0 1.0 0.0 0.0 1.0 generic flip
19 0 19 0 1.0 0.0 0.0 1.0 generic flip
20 1 0 0 1.0 0.0 0.0 1.0 generic flip
21 1 1 0 1.0 0.0 0.0 1.0 generic flip
22 1 2 0 1.0 0.0 0.0 1.0 generic flip
23 1 3 0 1.0 0.0 0.0 1.0 generic flip
24 1 4 0 1.0 0.0 0.0 1.0 generic flip
25 1 5 0 1.0 0.0 0.0 1.0 generic flip
26 1 6 0 1.0 0.0 0.0 1.0 generic flip
27 1 7 0 1.0 0.0 0.0 1.0 generic flip
28 1 8 0 1.0 0.0 0.0 1.0 generic flip
29 1 9 0 1.0 0.0 0.0 1.0 generic flip
30 1 10 0 1.0 0.0 0.0 1.0 generic flip
31 1 11 0 1.0 0.0 0.0 1.0 generic flip
32 1 12 0 1.0 0.0 0.0 1.0 generic flip
33 1 13 0 1.0 0.0 0.0 1.0 generic flip
34 1 14 0 1.0 0.0 0.0 1.0 generic flip
35 1 15 0 1.0 0.0 0.0 1.0 generic flip
36 1 16 0 1.0 0.0 0.0 1.0 generic flip
37 1 17 0 1.0 0.0 0.0 1.0 generic flip
38 1 18 0 1.0 0.0 0.0 1.0 generic flip
39 1 19 0 1.0 0.0 0.0 1.0 generic flip
40 2 0 0 1.0 0.0 0.0 1.0 generic flip
41 2 1 0 1.0 0.0 0.0 1.0 generic flip
42 2 2 0 1.0 0.0 0.0 1.0 generic flip
43 2 3 0 1.0 0.0 0.0 1.0 generic flip
44 2 4 0 1.0 0.0 0.0 1.0 generic flip
45 2 5 0 1.0 0.0 0.0 1.0 generic flip
46 2 6 0 1.0 0.0 0.0 1.0 generic flip
47 2 7 0 1.0 0.0 0.0 1.0 generic flip
48 2 8 0 1.0 0.0 0.0 1.0 generic flip
49 2 9 0 1.0 0.0 0.0 1.0 generic flip
50 2 10 0 1.0 0.0 0.0 1.0 generic flip
51 2 11 0 1.0 0.0 0.0 1.0 generic flip
52 2 12 0 1.0 0.0 0.0 1.0 generic flip
53 2 13 0 1.0 0.0 0.0 1.0 generic flip
54 2 14 0 1.0 0.0 0.0 1.0 generic flip
55 2 15 0 1.0 0.0 0.0 1.0 generic flip
56 2 16 0 1.0 0.0 0.0 1.0 generic flip
57 2 17 0 1.0 0.0 0.0 1.0 generic flip
58 2 18 0 1.0 0.0 0.0 1.0 generic flip
59 2 19 0 1.0 0.0 0.0 1.0 generic flip
60 3 0 0 1.0 0.0 0.0 1.0 generic flip
61 3 1 0 1.0 0.0 0.0 1.0 generic flip
62 3 2 0 1.0 0.0 0.0 1.0 generic flip
63 3 3 0 1.0 0.0 0.0 1.0 generic flip
64 3 4 0 1.0 0.0 0.0 1.0 generic flip
65 3 5 0 1.0 0.0 0.0 1.0 generic flip
66 3 6 0 1.0 0.0 0.0 1.0 generic flip
67 3 7 0 1.0 0.0 0.0 1.0 generic flip
68 3 8 0 1.0 0.0 0.0 1.0 generic flip
69 3 9 0 1.0 0.0 0.0 1.0 generic flip
70 3 10 0 1.0 0.0 0.0 1.0 generic flip
71 3 11 0 1.0 0.0 0.0 1.0 generic flip
72 3 12 0 1.0 0.0 0.0 1.0 generic flip
73 3 13 0 1.0 0.0 0.0 1.0 generic flip
74 3 14 0 1.0 0.0 0.0 1.0 generic flip
75 3 15 0 1.0 0.0 0.0 1.0 generic flip
76 3 16 0 1.0 0.0 0.0 1.0 generic flip
77 3 17 0 1.0 0.0 0.0 1.0 generic flip
78 3 18 0 1.0 0.0 0.0 1.0 generic flip
79 3 19 0 1.0 0.0 0.0 1.0 generic flip
80 4 0 0 1.0 0.0 0.0 1.0 generic flip
81 4 1 0 1.0 0.0 0.0 1.0 generic flip
82 4 2 0 1.0 0.0 0.0 1.0 generic flip
83 4 3 0 1.0 0.0 0.0 1.0 generic flip
84 4 4 0 1.0 0.0 0.0 1.0 generic flip
85 4 5 0 1.0 0.0 0.0 1.0 generic flip
86 4 6 0 1.0 0.0 0.0 1.0 generic flip
87 4 7 0 1.0 0.0 0.0 1.0 generic flip
88 4 8 0 1.0 0.0 0.0 1.0 generic flip
89 4 9 0 1.0 0.0 0.0 1.0 generic flip
90 4 10 0 1.0 0.0 0.0 1.0 generic flip
91 4 11 0 1.0 0.0 0.0 1.0 generic flip
92 4 12 0 1.0 0.0 0.0 1.0 generic flip
93 4 13 0 1.0 0.0 0.0 1.0 generic flip
94 4 14 0 1.0 0.0 0.0 1.0 generic flip
95 4 15 0 1.0 0.0 0.0 1.0 generic flip
96 4 16 0 1.0 0.0 0.0 1.0 generic flip
97 4 17 0 1.0 0.0 0.0 1.0 generic flip
98 4 18 0 1.0 0.0 0.0 1.0 generic flip
99 4 19 0 1.0 0.0 0.0 1.0 generic flip
100 5 0 0 1.0 0.0 0.0 1.0 generic flip
101 5 1 0 1.0 0.0 0.0 1.0 generic flip
102 5 2 0 1.0 0.0 0.0 1.0 generic flip
103 5 3 0 1.0 0.0 0.0 1.0 generic flip
104 5 4 0 1.0 0.0 0.0 1.0 generic flip
105 5 5 0 1.0 0.0 0.0 1.0 generic flip
106 5 6 0 1.0 0.0 0.0 1.0 generic flip
107 5 7 0 1.0 0.0 0.0 1.0 generic flip
108 5 8 0 1.0 0.0 0.0 1.0 generic flip
109 5 9 0 1.0 0.0 0.0 1.0 generic flip
110 5 10 0 1.0 0.0 0.0 1.0 generic flip
111 5 11 0 1.0 0.0 0.0 1.0 generic flip
112 5 12 0 1.0 0.0 0.0 1.0 generic flip
113 5 13 0 1.0 0.0 0.0 1.0 generic flip
114 5 14 0 1.0 0.0 0.0 1.0 generic flip
115 5 15 0 1.0 0.0 0.0 1.0 generic flip
116 5 16 0 1.0 0.0 0.0 1.0 generic flip
117 5 17 0 1.0 0.0 0.0 1.0 generic flip
118 5 18 0 1.0 0.0 0.0 1.0 generic flip
119 5 19 0 1.0 0.0 0.0 1.0 generic flip
120 6 0 0 1.0 0.0 0.0 1.0 generic flip
121 6 1 0 1.0 0.0 0.0 1.0 generic flip
122 6 2 0 1.0 0.0 0.0 1.0 generic flip
123 6 3 0 1.0 0.0 0.0 1.0 generic flip
124 6 4 0 1.0 0.0 0.0 1.0 generic flip
125 6 5 0 1.0 0.0 0.0 1.0 generic flip
126 6 6 0 1.0 0.0 0.0 1.0 generic flip
127 6 7 0 1.0 0.0 0.0 1.0 generic flip
128 6 8 0 1.0 0.0 0.0 1.0 generic flip
129 6 9 0 1.0 0.0 0.0 1.0 generic flip
130 6 10 0 1.0 0.0 0.0 1.0 generic flip
131 6 11 0 1.0 0.0 0.0 1.0 generic flip
132 6 12 0 1.0 0.0 0.0 1.0 generic flip
133 6 13 0 1.0 0.0 0.0 1.0 generic flip
134 6 14 0 1.0 0.0 0.0 1.0 generic flip
135 6 15 0 1.0 0.0 0.0 1.0 generic flip
136 6 16 0 1.0 0.0 0.0 1.0 generic flip
137 6 17 0 1.0 0.0 0.0 1.0 generic flip
138 6 18 0 1.0 0.0 0.0 1.0 generic flip
139 6 19 0 1.0 0.0 0.0 1.0 generic flip
140 7 0 0 1.0 0.0 0.0 1.0 generic flip
141 7 1 0 1.0 0.0 0.0 1.0 generic flip
142 7 2 0 1.0 0.0 0.0 1.0 generic flip
143 7 3 0 1.0 0.0 0.0 1.0 generic flip
144 7 4 0 1.0 0.0 0.0 1.0 generic flip
145 7 5 0 1.0 0.0 0.0 1.0 generic flip
146 7 6 0 1.0 0.0 0.0 1.0 generic flip
147 7 7 0 1.0 0.0 0.0 1.0 generic flip
148 7 8 0 1.0 0.0 0.0 1.0 generic flip
149 7 9 0 1.0 0.0 0.0 1.0 generic flip
150 7 10 0 1.0 0.0 0.0 1.0 generic flip
151 7 11 0 1.0 0.0 0.0 1.0 generic flip
152 7 12 0 1.0 0.0 0.0 1.0 generic flip
153 7 13 0 1.0 0.0 0.0 1.0 generic flip
154 7 14 0 1.0 0.0 0.0 1.0 generic flip
155 7 15 0 1.0 0.0 0.0 1.0 generic flip
156 7 16 0 1.0 0.0 0.0 1.0 generic flip
157 7 17 0 1.0 0.0 0.0 1.0 generic flip
158 7 18 0 1.0 0.0 0.0 1.0 generic flip
159 7 19 0 1.0 0.0 0.0 1.0 generic flip
160 8 0 0 1.0 0.0 0.0 1.0 generic flip
161 8 1 0 1.0 0.0 0.0 1.0 generic flip
162 8 2 0 1.0 0.0 0.0 1.0 generic flip
163 8 3 0 1.0 0.0 0.0 1.0 generic flip
164 8 4 0 1.0 0.0 0.0 1.0 generic flip
165 8 5 0 1.0 0.0 0.0 1.0 generic flip
166 8 6 0 1.0 0.0 0.0 1.0 generic flip
167 8 7 0 1.0 0.0 0.0 1.0 generic flip
168 8 8 0 1.0 0.0 0.0 1.0 generic flip
169 8 9 0 1.0 0.0 0.0 1.0 generic flip
170 8 10 0 1.0 0.0 0.0 1.0 generic flip
171 8 11 0 1.0 0.0 0.0 1.0 generic flip
172 8 12 0 1.0 0.0 0.0 1.0 generic flip
173 8 13 0 1.0 0.0 0.0 1.0 generic flip
174 8 14 0 1.0 0.0 0.0 1.0 generic flip
175 8 15 0 1.0 0.0 0.0 1.0 generic flip
176 8 16 0 1.0 0.0 0.0 1.0 generic flip
177 8 17 0 1.0 0.0 0.0 1.0 generic flip
178 8 18 0 1.0 0.0 0.0 1.0 generic flip
179 8 19 0 1.0 0.0 0.0 1.0 generic flip
180 9 0 0 1.0 0.0 0.0 1.0 generic flip
181 9 1 0 1.0 0.0 0.0 1.0 generic flip
182 9 2 0 1.0 0.0 0.0 1.0 generic flip
183 9 3 0 1.0 0.0 0.0 1.0 generic flip
184 9 4 0 1.0 0.0 0.0 1.0 generic flip
185 9 5 0 1.0 0.0 0.0 1.0 generic flip
186 9 6 0 1.0 0.0 0.0 1.0 generic flip
187 9 7 0 1.0 0.0 0.0 1.0 generic flip
188 9 8 0 1.0 0.0 0.0 1.0 generic flip
189 9 9 0 1.0 0.0 0.0 1.0 generic flip
190 9 10 0 1.0 0.0 0.0 1.0 generic flip
191 9 11 0 1.0 0.0 0.0 1.0 generic flip
192 9 12 0 1.0 0.0 0.0 1.0 generic flip
193 9 13 0 1.0 0.0 0.0 1.0 generic flip
194 9 14 0 1.0 0.0 0.0 1.0 generic flip
195 9 15 0 1.0 0.0 0.0 1.0 generic flip
196 9 16 0 1.0 0.0 0.0 1.0 generic flip
197 9 17 0 1.0 0.0 0.0 1.0 generic flip
198 9 18 0 1.0 0.0 0.0 1.0 generic flip
199 9 19 0 1.0 0.0 0.0 1.0 generic flip
200 10 0 0 1.0 0.0 0.0 1.0 generic flip
201 10 1 0 1.0 0.0 0.0 1.0 generic flip
202 10 2 0 1.0 0.0 0.0 1.0 generic flip
203 10 3 0 1.0 0.0 0.0 1.0 generic flip
204 10 4 0 1.0 0.0 0.0 1.0 generic flip
205 10 5 0 1.0 0.0 0.0 1.0 generic flip
206 10 6 0 1.0 0.0 0.0 1.0 generic flip
207 10 7 0 1.0 0.0 0.0 1.0 generic flip
208 10 8 0 1.0 0.0 0.0 1.0 generic flip
209 10 9 0 1.0 0.0 0.0 1.0 generic flip
210 10 10 0 1.0 0.0 0.0 1.0 generic flip
211 10 11 0 1.0 0.0 0.0 1.0 generic flip
212 10 12 0 1.0 0.0 0.0 1.0 generic flip
213 10 13 0 1.0 0.0 0.0 1.0 generic flip
214 10 14 0 1.0 0.0 0.0 1.0 generic flip
215 10 15 0 1.0 0.0 0.0 1.0 generic flip
216 10 16 0 1.0 0.0 0.0 1.0 generic flip
217 10 17 0 1.0 0.0 0.0 1.0 generic flip
218 10 18 0 1.0 0.0 0.0 1.0 generic flip
219 10 19 0 1.0 0.0 0.0 1.0 generic flip
220 11 0 0 1.0 0.0 0.0 1.0 generic flip
221 11 1 0 1.0 0.0 0.0 1.0 generic flip
222 11 2 0 1.0 0.0 0.0 1.0 generic flip
223 11 3 0 1.0 0.0 0.0 1.0 generic flip
224 11 4 0 1.0 0.0 0.0 1.0 generic flip
225 11 5 0 1.0 0.0 0.0 1.0 generic flip
226 11 6 0 1.0 0.0 0.0 1.0 generic flip
227 11 7 0 1.0 0.0 0.0 1.0 generic flip
228 11 8 0 1.0 0.0 0.0 1.0 generic flip
229 11 9 0 1.0 0.0 0.0 1.0 generic flip
230 11 10 0 1.0 0.0 0.0 1.0 generic flip
231 11 11 0 1.0 0.0 0.0 1.0 generic flip
232 11 12 0 1.0 0.0 0.0 1.0 generic flip
233 11 13 0 1.0 0.0 0.0 1.0 generic flip
234 11 14 0 1.0 0.0 0.0 1.0 generic flip
235 11 15 0 1.0 0.0 0.0 1.0 generic flip
236 11 16 0 1.0 0.0 0.0 1.0 generic flip
237 11 17 0 1.0 0.0 0.0 1.0 generic flip
238 11 18 0 1.0 0.0 0.0 1.0 generic flip
239 11 19 0 1.0 0.0 0.0 1.0 generic flip
240 12 0 0 1.0 0.0 0.0 1.0 generic flip
241 12 1 0 1.0 0.0 0.0 1.0 generic flip
242 12 2 0 1.0 0.0 0.0 1.0 generic flip
243 12 3 0 1.0 0.0 0.0 1.0 generic flip
244 12 4 0 1.0 0.0 0.0 1.0 generic flip
245 12 5 0 1.0 0.0 0.0 1.0 generic flip
246 12 6 0 1.0 0.0 0.0 1.0 generic flip
247 12 7 0 1.0 0.0 0.0 1.0 generic flip
248 12 8 0 1.0 0.0 0.0 1.0 generic flip
249 12 9 0 1.0 0.0 0.0 1.0 generic flip
250 12 10 0 1.0 0.0 0.0 1.0 generic flip
251 12 11 0 1.0 0.0 0.0 1.0 generic flip
252 12 12 0 1.0 0.0 0.0 1.0 generic flip
253 12 13 0 1.0 0.0 0.0 1.0 generic flip
254 12 14 0 1.0 0.0 0.0 1.0 generic flip
255 12 15 0 1.0 0.0 0.0 1.0 generic flip
256 12 16 0 1.0 0.0 0.0 1.0 generic flip
257 12 17 0 1.0 0.0 0.0 1.0 generic flip
258 12 18 0 1.0 0.0 0.0 1.0 generic flip
259 12 19 0 1.0 0.0 0.0 1.0 generic flip
260 13 0 0 1.0 0.0 0.0 1.0 generic flip
261 13 1 0 1.0 0.0 0.0 1.0 generic flip
262 13 2 0 1.0 0.0 0.0 1.0 generic flip
263 13 3 0 1.0 0.0 0.0 1.0 generic flip
264 13 4 0 1.0 0.0 0.0 1.0 generic flip
265 13 5 0 1.0 0.0 0.0 1.0 generic flip
266 13 6 0 1.0 0.0 0.0 1.0 generic flip
267 13 7 0 1.0 0.0 0.0 1.0 generic flip
268 13 8 0 1.0 0.0 0.0 1.0 generic flip
269 13 9 0 1.0 0.0 0.0 1.0 generic flip
270 13 10 0 1.0 0.0 0.0 1.0 generic flip
271 13 11 0 1.0 0.0 0.0 1.0 generic flip
272 13 12 0 1.0 0.0 0.0 1.0 generic flip
273 13 13 0 1.0 0.0 0.0 1.0 generic flip
274 13 14 0 1.0 0.0 0.0 1.0 generic flip
275 13 15 0 1.0 0.0 0.0 1.0 generic flip
276 13 16 0 1.0 0.0 0.0 1.0 generic flip
277 13 17 0 1.0 0.0 0.0 1.0 generic flip
278 13 18 0 1.0 0.0 0.0 1.0 generic flip
279 13 19 0 1.0 0.0 0.0 1.0 generic flip
280 14 0 0 1.0 0.0 0.0 1.0 generic flip
281 14 1 0 1.0 0.0 0.0 1.0 generic flip
282 14 2 0 1.0 0.0 0.0 1.0 generic flip
283 14 3 0 1.0 0.0 0.0 1.0 generic flip
284 14 4 0 1.0 0.0 0.0 1.0 generic flip
285 14 5 0 1.0 0.0 0.0 1.0 generic flip
286 14 6 0 1.0 0.0 0.0 1.0 generic flip
287 14 7 0 1.0 0.0 0.0 1.0 generic flip
288 14 8 0 1.0 0.0 0.0 1.0 generic flip
289 14 9 0 1.0 0.0 0.0 1.0 generic flip
290 14 10 0 1.0 0.0 0.0 1.0 generic flip
291 14 11 0 1.0 0.0 0.0 1.0 generic flip
292 14 12 0 1.0 0.0 0.0 1.0 generic flip
293 14 13 0 1.0 0.0 0.0 1.0 generic flip
294 14 14 0 1.0 0.0 0.0 1.0 generic flip
295 14 15 0 1.0 0.0 0.0 1.0 generic flip
296 14 16 0 1.0 0.0 0.0 1.0 generic flip
297 14 17 0 1.0 0.0 0.0 1.0 generic flip
298 14 18 0 1.0 0.0 0.0 1.0 generic flip
299 14 19 0 1.0 0.0 0.0 1.0 generic flip
300 15 0 0 1.0 0.0 0.0 1.0 generic flip
301 15 1 0 1.0 0.0 0.0 1.0 generic flip
302 15 2 0 1.0 0.0 0.0 1.0 generic flip
303 15 3 0 1.0 0.0 0.0 1.0 generic flip
304 15 4 0 1.0 0.0 0.0 1.0 generic flip
305 15 5 0 1.0 0.0 0.0 1.0 generic flip
306 15 6 0 1.0 0.0 0.0 1.0 generic flip
307 15 7 0 1.0 0.0 0.0 1.0 generic flip
308 15 8 0 1.0 0.0 0.0 1.0 generic flip
309 15 9 0 1.0 0.0 0.0 1.0 generic flip
310 15 10 0 1.0 0.0 0.0 1.0 generic flip
311 15 11 0 1.0 0.0 0.0 1.0 generic flip
312 15 12 0 1.0 0.0 0.0 1.0 generic flip
313 15 13 0 1.0 0.0 0.0 1.0 generic flip
314 15 14 0 1.0 0.0 0.0 1.0 generic flip
315 15 15 0 1.0 0.0 0.0 1.0 generic flip
316 15 16 0 1.0 0.0 0.0 1.0 generic flip
317 15 17 0 1.0 0.0 0.0 1.0 generic flip
318 15 18 0 1.0 0.0 0.0 1.0 generic flip
319 15 19 0 1.0 0.0 0.0 1.0 generic flip
320 16 0 0 1.0 0.0 0.0 1.0 generic flip
321 16 1 0 1.0 0.0 0.0 1.0 generic flip
322 16 2 0 1.0 0.0 0.0 1.0 generic flip
323 16 3 0 1.0 0.0 0.0 1.0 generic flip
324 16 4 0 1.0 0.0 0.0 1.0 generic flip
325 16 5 0 1.0 0.0 0.0 1.0 generic flip
326 16 6 0 1.0 0.0 0.0 1.0 generic flip
327 16 7 0 1.0 0.0 0.0 1.0 generic flip
328 16 8 0 1.0 0.0 0.0 1.0 generic flip
329 16 9 0 1.0 0.0 0.0 1.0 generic flip
330 16 10 0 1.0 0.0 0.0 1.0 generic flip
331 16 11 0 1.0 0.0 0.0 1.0 generic flip
332 16 12 0 1.0 0.0 0.0 1.0 generic flip
333 16 13 0 1.0 0.0 0.0 1.0 generic flip
334 16 14 0 1.0 0.0 0.0 1.0 generic flip
335 16 15 0 1.0 0.0 0.0 1.0 generic flip
336 16 16 0 1.0 0.0 0.0 1.0 generic flip
337 16 17 0 1.0 0.0 0.0 1.0 generic flip
338 16 18 0 1.0 0.0 0.0 1.0 generic flip
339 16 19 0 1.0 0.0 0.0 1.0 generic flip
340 17 0 0 1.0 0.0 0.0 1.0 generic flip
341 17 1 0 1.0 0.0 0.0 1.0 generic flip
342 17 2 0 1.0 0.0 0.0 1.0 generic flip
343 17 3 0 1.0 0.0 0.0 1.0 generic flip
344 17 4 0 1.0 0.0 0.0 1.0 generic flip
345 17 5 0 1.0 0.0 0.0 1.0 generic flip
346 17 6 0 1.0 0.0 0.0 1.0 generic flip
347 17 7 0 1.0 0.0 0.0 1.0 generic flip
348 17 8 0 1.0 0.0 0.0 1.0 generic flip
349 17 9 0 1.0 0.0 0.0 1.0 generic flip
350 17 10 0 1.0 0.0 0.0 1.0 generic flip
351 17 11 0 1.0 0.0 0.0 1.0 generic flip
352 17 12 0 1.0 0.0 0.0 1.0 generic flip
353 17 13 0 1.0 0.0 0.0 1.0 generic flip
354 17 14 0 1.0 0.0 0.0 1.0 generic flip
355 17 15 0 1.0 0.0 0.0 1.0 generic flip
356 17 16 0 1.0 0.0 0.0 1.0 generic flip
357 17 17 0 1.0 0.0 0.0 1.0 generic flip
358 17 18 0 1.0 0.0 0.0 1.0 generic flip
359 17 19 0 1.0 0.0 0.0 1.0 generic flip
360 18 0 0 1.0 0.0 0.0 1.0 generic flip
361 18 1 0 1.0 0.0 0.0 1.0 generic flip
362 18 2 0 1.0 0.0 0.0 1.0 generic flip
363 18 3 0 1.0 0.0 0.0 1.0 generic flip
364 18 4 0 1.0 0.0 0.0 1.0 generic flip
365 18 5 0 1.0 0.0 0.0 1.0 generic flip
366 18 6 0 1.0 0.0 0.0 1.0 generic flip
367 18 7 0 1.0 0.0 0.0 1.0 generic flip
368 18 8 0 1.0 0.0 0.0 1.0 generic flip
369 18 9 0 1.0 0.0 0.0 1.0 generic flip
370 18 10 0 1.0 0.0 0.0 1.0 generic flip
371 18 11 0 1.0 0.0 0.0 1.0 generic flip
372 18 12 0 1.0 0.0 0.0 1.0 generic flip
373 18 13 0 1.0 0.0 0.0 1.0 generic flip
374 18 14 0 1.0 0.0 0.0 1.0 generic flip
375 18 15 0 1.0 0.0 0.0 1.0 generic flip
376 18 16 0 1.0 0.0 0.0 1.0 generic flip
377 18 17 0 1.0 0.0 0.0 1.0 generic flip
378 18 18 0 1.0 0.0 0.0 1.0 generic flip
379 18 19 0 1.0 0.0 0.0 1.0 generic flip
380 19 0 0 1.0 0.0 0.0 1.0 generic flip
381 19 1 0 1.0 0.0 0.0 1.0 generic flip
382 19 2 0 1.0 0.0 0.0 1.0 generic flip
383 19 3 0 1.0 0.0 0.0 1.0 generic flip
384 19 4 0 1.0 0.0 0.0 1.0 generic flip
385 19 5 0 1.0 0.0 0.0 1.0 generic flip
386 19 6 0 1.0 0.0 0.0 1.0 generic flip
387 19 7 0 1.0 0.0 0.0 1.0 generic flip
388 19 8 0 1.0 0.0 0.0 1.0 generic flip
389 19 9 0 1.0 0.0 0.0 1.0 generic flip
390 19 10 0 1.0 0.0 0.0 1.0 generic flip
391 19 11 0 1.0 0.0 0.0 1.0 generic flip
392 19 12 0 1.0 0.0 0.0 1.0 generic flip
393 19 13 0 1.0 0.0 0.0 1.0 generic flip
394 19 14 0 1.0 0.0 0.0 1.0 generic flip
395 19 15 0 1.0 0.0 0.0 1.0 generic flip
396 19 16 0 1.0 0.0 0.0 1.0 generic flip
397 19 17 0 1.0 0.0 0.0 1.0 generic flip
398 19 18 0 1.0 0.0 0.0 1.0 generic flip
399 19 19 0 1.0 0.0 0.0 1.0 generic flip
0 20 1.0
0 380 1.0
0 1 1.0
0 19 1.0
1 21 1.0
1 381 1.0
1 2 1.0
1 0 1.0
2 22 1.0
2 382 1.0
2 3 1.0
2 1 1.0
3 23 1.0
3 383 1.0
3 4 1.0
3 2 1.0
4 24 1.0
4 384 1.0
4 5 1.0
4 3 1.0
5 25 1.0
5 385 1.0
5 6 1.0
5 4 1.0
6 26 1.0
6 386 1.0
6 7 1.0
6 5 1.0
7 27 1.0
7 387 1.0
7 8 1.0
7 6 1.0
8 28 1.0
8 388 1.0
8 9 1.0
8 7 1.0
9 29 1.0
9 389 1.0
9 10 1.0
9 8 1.0
10 30 1.0
10 390 1.0
10 11 1.0
10 9 1.0
11 31 1.0
11 391 1.0
11 12 1.0
11 10 1.0
12 32 1.0
12 392 1.0
12 13 1.0
12 11 1.0
13 33 1.0
13 393 1.0
13 14 1.0
13 12 1.0
14 34 1.0
14 394 1.0
14 15 1.0
14 13 1.0
15 35 1.0
15 395 1.0
15 16 1.0
15 14 1.0
16 36 1.0
16 396 1.0
16 17 1.0
16 15 1.0
17 37 1.0
17 397 1.0
17 18 1.0
17 16 1.0
18 38 1.0
18 398 1.0
18 19 1.0
18 17 1.0
19 39 1.0
19 399 1.0
19 0 1.0
19 18 1.0
20 40 1.0
20 0 1.0
20 21 1.0
20 39 1.0
21 41 1.0
21 1 1.0
21 22 1.0
21 20 1.0
22 42 1.0
22 2 1.0
22 23 1.0
22 21 1.0
23 43 1.0
23 3 1.0
23 24 1.0
23 22 1.0
24 44 1.0
24 4 1.0
24 25 1.0
24 23 1.0
25 45 1.0
25 5 1.0
25 26 1.0
25 24 1.0
26 46 1.0
26 6 1.0
26 27 1.0
26 25 1.0
27 47 1.0
27 7 1.0
27 28 1.0
27 26 1.0
28 48 1.0
28 8 1.0
28 29 1.0
28 27 1.0
29 49 1.0
29 9 1.0
29 30 1.0
29 28 1.0
30 50 1.0
30 10 1.0
30 31 1.0
30 29 1.0
31 51 1.0
31 11 1.0
31 32 1.0
31 30 1.0
32 52 1.0
32 12 1.0
32 33 1.0
32 31 1.0
33 53 1.0
33 13 1.0
33 34 1.0
33 32 1.0
34 54 1.0
34 14 1.0
34 35 1.0
34 33 1.0
35 55 1.0
35 15 1.0
35 36 1.0
35 34 1.0
36 56 1.0
36 16 1.0
36 37 1.0
36 35 1.0
37 57 1.0
37 17 1.0
37 38 1.0
37 36 1.0
38 58 1.0
38 18 1.0
38 39 1.0
38 37 1.0
39 59 1.0
39 19 1.0
39 20 1.0
39 38 1.0
40 60 1.0
40 20 1.0
40 41 1.0
40 59 1.0
41 61 1.0
41 21 1.0
41 42 1.0
41 40 1.0
42 62 1.0
42 22 1.0
42 43 1.0
42 41 1.0
43 63 1.0
43 23 1.0
43 44 1.0
43 42 1.0
44 64 1.0
44 24 1.0
44 45 1.0
44 43 1.0
45 65 1.0
45 25 1.0
45 46 1.0
45 44 1.0
46 66 1.0
46 26 1.0
46 47 1.0
46 45 1.0
47 67 1.0
47 27 1.0
47 48 1.0
47 46 1.0
48 68 1.0
48 28 1.0
48 49 1.0
48 47 1.0
49 69 1.0
49 29 1.0
49 50 1.0
49 48 1.0
50 70 1.0
50 30 1.0
50 51 1.0
50 49 1.0
51 71 1.0
51 31 1.0
51 52 1.0
51 50 1.0
52 72 1.0
52 32 1.0
52 53 1.0
52 51 1.0
53 73 1.0
53 33 1.0
53 54 1.0
53 52 1.0
54 74 1.0
54 34 1.0
54 55 1.0
54 53 1.0
55 75 1.0
55 35 1.0
55 56 1.0
55 54 1.0
56 76 1.0
56 36 1.0
56 57 1.0
56 55 1.0
57 77 1.0
57 37 1.0
57 58 1.0
57 56 1.0
58 78 1.0
58 38 1.0
58 59 1.0
58 57 1.0
59 79 1.0
59 39 1.0
59 40 1.0
59 58 1.0
60 80 1.0
60 40 1.0
60 61 1.0
60 79 1.0
61 81 1.0
61 41 1.0
61 62 1.0
61 60 1.0
62 82 1.0
62 42 1.0
62 63 1.0
62 61 1.0
63 83 1.0
63 43 1.0
63 64 1.0
63 62 1.0
64 84 1.0
64 44 1.0
64 65 1.0
64 63 1.0
65 85 1.0
65 45 1.0
65 66 1.0
65 64 1.0
66 86 1.0
66 46 1.0
66 67 1.0
66 65 1.0
67 87 1.0
67 47 1.0
67 68 1.0
67 66 1.0
68 88 1.0
68 48 1.0
68 69 1.0
68 67 1.0
69 89 1.0
69 49 1.0
69 70 1.0
69 68 1.0
70 90 1.0
70 50 1.0
70 71 1.0
70 69 1.0
71 91 1.0
71 51 1.0
71 72 1.0
71 70 1.0
72 92 1.0
72 52 1.0
72 73 1.0
72 71 1.0
73 93 1.0
73 53 1.0
73 74 1.0
73 72 1.0
74 94 1.0
74 54 1.0
74 75 1.0
74 73 1.0
75 95 1.0
75 55 1.0
75 76 1.0
75 74 1.0
76 96 1.0
76 56 1.0
76 77 1.0
76 75 1.0
77 97 1.0
77 57 1.0
77 78 1.0
77 76 1.0
78 98 1.0
78 58 1.0
78 79 1.0
78 77 1.0
79 99 1.0
79 59 1.0
79 60 1.0
79 78 1.0
80 100 1.0
80 60 1.0
80 81 1.0
80 99 1.0
81 101 1.0
81 61 1.0
81 82 1.0
81 80 1.0
82 102 1.0
82 62 1.0
82 83 1.0
82 81 1.0
83 103 1.0
83 63 1.0
83 84 1.0
83 82 1.0
84 104 1.0
84 64 1.0
84 85 1.0
84 83 1.0
85 105 1.0
85 65 1.0
85 86 1.0
85 84 1.0
86 106 1.0
86 66 1.0
86 87 1.0
86 85 1.0
87 107 1.0
87 67 1.0
87 88 1.0
87 86 1.0
88 108 1.0
88 68 1.0
88 89 1.0
88 87 1.0
89 109 1.0
89 69 1.0
89 90 1.0
89 88 1.0
90 110 1.0
90 70 1.0
90 91 1.0
90 89 1.0
91 111 1.0
91 71 1.0
91 92 1.0
91 90 1.0
92 112 1.0
92 72 1.0
92 93 1.0
92 91 1.0
93 113 1.0
93 73 1.0
93 94 1.0
93 92 1.0
94 114 1.0
94 74 1.0
94 95 1.0
94 93 1.0
95 115 1.0
95 75 1.0
95 96 1.0
95 94 1.0
96 116 1.0
96 76 1.0
96 97 1.0
96 95 1.0
97 117 1.0
97 77 1.0
97 98 1.0
97 96 1.0
98 118 1.0
98 78 1.0
98 99 1.0
98 97 1.0
99 119 1.0
99 79 1.0
99 80 1.0
99 98 1.0
100 120 1.0
100 80 1.0
100 101 1.0
100 119 1.0
101 121 1.0
101 81 1.0
101 102 1.0
101 100 1.0
102 122 1.0
102 82 1.0
102 103 1.0
102 101 1.0
103 123 1.0
103 83 1.0
103 104 1.0
103 102 1.0
104 124 1.0
104 84 1.0
104 105 1.0
104 103 1.0
105 125 1.0
105 85 1.0
105 106 1.0
105 104 1.0
106 126 1.0
106 86 1.0
106 107 1.0
106 105 1.0
107 127 1.0
107 87 1.0
107 108 1.0
107 106 1.0
108 128 1.0
108 88 1.0
108 109 1.0
108 107 1.0
109 129 1.0
109 89 1.0
109 110 1.0
109 108 1.0
110 130 1.0
110 90 1.0
110 111 1.0
110 109 1.0
111 131 1.0
111 91 1.0
111 112 1.0
111 110 1.0
112 132 1.0
112 92 1.0
112 113 1.0
112 111 1.0
113 133 1.0
113 93 1.0
113 114 1.0
113 112 1.0
114 134 1.0
114 94 1.0
114 115 1.0
114 113 1.0
115 135 1.0
115 95 1.0
115 116 1.0
115 114 1.0
116 136 1.0
116 96 1.0
116 117 1.0
116 115 1.0
117 137 1.0
117 97 1.0
117 118 1.0
117 116 1.0
118 138 1.0
118 98 1.0
118 119 1.0
118 117 1.0
119 139 1.0
119 99 1.0
119 100 1.0
119 118 1.0
120 140 1.0
120 100 1.0
120 121 1.0
120 139 1.0
121 141 1.0
121 101 1.0
121 122 1.0
121 120 1.0
122 142 1.0
122 102 1.0
122 123 1.0
122 121 1.0
123 143 1.0
123 103 1.0
123 124 1.0
123 122 1.0
124 144 1.0
124 104 1.0
124 125 1.0
124 123 1.0
125 145 1.0
125 105 1.0
125 126 1.0
125 124 1.0
126 146 1.0
126 106 1.0
126 127 1.0
126 125 1.0
127 147 1.0
127 107 1.0
127 128 1.0
127 126 1.0
128 148 1.0
128 108 1.0
128 129 1.0
128 127 1.0
129 149 1.0
129 109 1.0
129 130 1.0
129 128 1.0
130 150 1.0
130 110 1.0
130 131 1.0
130 129 1.0
131 151 1.0
131 111 1.0
131 132 1.0
131 130 1.0
132 152 1.0
132 112 1.0
132 133 1.0
132 131 1.0
133 153 1.0
133 113 1.0
133 134 1.0
133 132 1.0
134 154 1.0
134 114 1.0
134 135 1.0
134 133 1.0
135 155 1.0
135 115 1.0
135 136 1.0
135 134 1.0
136 156 1.0
136 116 1.0
136 137 1.0
136 135 1.0
137 157 1.0
137 117 1.0
137 138 1.0
137 136 1.0
138 158 1.0
138 118 1.0
138 139 1.0
138 137 1.0
139 159 1.0
139 119 1.0
139 120 1.0
139 138 1.0
140 160 1.0
140 120 1.0
140 141 1.0
140 159 1.0
141 161 1.0
141 121 1.0
141 142 1.0
141 140 1.0
142 162 1.0
142 122 1.0
142 143 1.0
142 141 1.0
143 163 1.0
143 123 1.0
143 144 1.0
143 142 1.0
144 164 1.0
144 124 1.0
144 145 1.0
144 143 1.0
145 165 1.0
145 125 1.0
145 146 1.0
145 144 1.0
146 166 1.0
146 126 1.0
146 147 1.0
146 145 1.0
147 167 1.0
147 127 1.0
147 148 1.0
147 146 1.0
148 168 1.0
148 128 1.0
148 149 1.0
148 147 1.0
149 169 1.0
149 129 1.0
149 150 1.0
149 148 1.0
150 170 1.0
150 130 1.0
150 151 1.0
150 149 1.0
151 171 1.0
151 131 1.0
151 152 1.0
151 150 1.0
152 172 1.0
152 132 1.0
152 153 1.0
152 151 1.0
153 173 1.0
153 133 1.0
153 154 1.0
153 152 1.0
154 174 1.0
154 134 1.0
154 155 1.0
154 153 1.0
155 175 1.0
155 135 1.0
155 156 1.0
155 154 1.0
156 176 1.0
156 136 1.0
156 157 1.0
156 155 1.0
157 177 1.0
157 137 1.0
157 158 1.0
157 156 1.0
158 178 1.0
158 138 1.0
158 159 1.0
158 157 1.0
159 179 1.0
159 139 1.0
159 140 1.0
159 158 1.0
160 180 1.0
160 140 1.0
160 161 1.0
160 179 1.0
161 181 1.0
161 141 1.0
161 162 1.0
161 160 1.0
162 182 1.0
162 142 1.0
162 163 1.0
162 161 1.0
163 183 1.0
163 143 1.0
163 164 1.0
163 162 1.0
164 184 1.0
164 144 1.0
164 165 1.0
164 163 1.0
165 185 1.0
165 145 1.0
165 166 1.0
165 164 1.0
166 186 1.0
166 146 1.0
166 167 1.0
166 165 1.0
167 187 1.0
167 147 1.0
167 168 1.0
167 166 1.0
168 188 1.0
168 148 1.0
168 169 1.0
168 167 1.0
169 189 1.0
169 149 1.0
169 170 1.0
169 168 1.0
170 190 1.0
170 150 1.0
170 171 1.0
170 169 1.0
171 191 1.0
171 151 1.0
171 172 1.0
171 170 1.0
172 192 1.0
172 152 1.0
172 173 1.0
172 171 1.0
173 193 1.0
173 153 1.0
173 174 1.0
173 172 1.0
174 194 1.0
174 154 1.0
174 175 1.0
174 173 1.0
175 195 1.0
175 155 1.0
175 176 1.0
175 174 1.0
176 196 1.0
176 156 1.0
176 177 1.0
176 175 1.0
177 197 1.0
177 157 1.0
177 178 1.0
177 176 1.0
178 198 1.0
178 158 1.0
178 179 1.0
178 177 1.0
179 199 1.0
179 159 1.0
179 160 1.0
179 178 1.0
180 200 1.0
180 160 1.0
180 181 1.0
180 199 1.0
181 201 1.0
181 161 1.0
181 182 1.0
181 180 1.0
182 202 1.0
182 162 1.0
182 183 1.0
182 181 1.0
183 203 1.0
183 163 1.0
183 184 1.0
183 182 1.0
184 204 1.0
184 164 1.0
184 185 1.0
184 183 1.0
185 205 1.0
185 165 1.0
185 186 1.0
185 184 1.0
186 206 1.0
186 166 1.0
186 187 1.0
186 185 1.0
187 207 1.0
187 167 1.0
187 188 1.0
187 186 1.0
188 208 1.0
188 168 1.0
188 189 1.0
188 187 1.0
189 209 1.0
189 169 1.0
189 190 1.0
189 188 1.0
190 210 1.0
190 170 1.0
190 191 1.0
190 189 1.0
191 211 1.0
191 171 1.0
191 192 1.0
191 190 1.0
192 212 1.0
192 172 1.0
192 193 1.0
192 191 1.0
193 213 1.0
193 173 1.0
193 194 1.0
193 192 1.0
194 214 1.0
194 174 1.0
194 195 1.0
194 193 1.0
195 215 1.0
195 175 1.0
195 196 1.0
195 194 1.0
196 216 1.0
196 176 1.0
196 197 1.0
196 195 1.0
197 217 1.0
197 177 1.0
197 198 1.0
197 196 1.0
198 218 1.0
198 178 1.0
198 199 1.0
198 197 1.0
199 219 1.0
199 179 1.0
199 180 1.0
199 198 1.0
200 220 1.0
200 180 1.0
200 201 1.0
200 219 1.0
201 221 1.0
201 181 1.0
201 202 1.0
201 200 1.0
202 222 1.0
202 182 1.0
202 203 1.0
202 201 1.0
203 223 1.0
203 183 1.0
203 204 1.0
203 202 1.0
204 224 1.0
204 184 1.0
204 205 1.0
204 203 1.0
205 225 1.0
205 185 1.0
205 206 1.0
205 204 1.0
206 226 1.0
206 186 1.0
206 207 1.0
206 205 1.0
207 227 1.0
207 187 1.0
207 208 1.0
207 206 1.0
208 228 1.0
208 188 1.0
208 209 1.0
208 207 1.0
209 229 1.0
209 189 1.0
209 210 1.0
209 208 1.0
210 230 1.0
210 190 1.0
210 211 1.0
210 209 1.0
211 231 1.0
211 191 1.0
211 212 1.0
211 210 1.0
212 232 1.0
212 192 1.0
212 213 1.0
212 211 1.0
213 233 1.0
213 193 1.0
213 214 1.0
213 212 1.0
214 234 1.0
214 194 1.0
214 215 1.0
214 213 1.0
215 235 1.0
215 195 1.0
215 216 1.0
215 214 1.0
216 236 1.0
216 196 1.0
216 217 1.0
216 215 1.0
217 237 1.0
217 197 1.0
217 218 1.0
217 216 1.0
218 238 1.0
218 198 1.0
218 219 1.0
218 217 1.0
219 239 1.0
219 199 1.0
219 200 1.0
219 218 1.0
220 240 1.0
220 200 1.0
220 221 1.0
220 239 1.0
221 241 1.0
221 201 1.0
221 222 1.0
221 220 1.0
222 242 1.0
222 202 1.0
222 223 1.0
222 221 1.0
223 243 1.0
223 203 1.0
223 224 1.0
223 222 1.0
224 244 1.0
224 204 1.0
224 225 1.0
224 223 1.0
225 245 1.0
225 205 1.0
225 226 1.0
225 224 1.0
226 246 1.0
226 206 1.0
226 227 1.0
226 225 1.0
227 247 1.0
227 207 1.0
227 228 1.0
227 226 1.0
228 248 1.0
228 208 1.0
228 229 1.0
228 227 1.0
229 249 1.0
229 209 1.0
229 230 1.0
229 228 1.0
230 250 1.0
230 210 1.0
230 231 1.0
230 229 1.0
231 251 1.0
231 211 1.0
231 232 1.0
231 230 1.0
232 252 1.0
232 212 1.0
232 233 1.0
232 231 1.0
233 253 1.0
233 213 1.0
233 234 1.0
233 232 1.0
234 254 1.0
234 214 1.0
234 235 1.0
234 233 1.0
235 255 1.0
235 215 1.0
235 236 1.0
235 234 1.0
236 256 1.0
236 216 1.0
236 237 1.0
236 235 1.0
237 257 1.0
237 217 1.0
237 238 1.0
237 236 1.0
238 258 1.0
238 218 1.0
238 239 1.0
238 237 1.0
239 259 1.0
239 219 1.0
239 220 1.0
239 238 1.0
240 260 1.0
240 220 1.0
240 241 1.0
240 259 1.0
241 261 1.0
241 221 1.0
241 242 1.0
241 240 1.0
242 262 1.0
242 222 1.0
242 243 1.0
242 241 1.0
243 263 1.0
243 223 1.0
243 244 1.0
243 242 1.0
244 264 1.0
244 224 1.0
244 245 1.0
244 243 1.0
245 265 1.0
245 225 1.0
245 246 1.0
245 244 1.0
246 266 1.0
246 226 1.0
246 247 1.0
246 245 1.0
247 267 1.0
247 227 1.0
247 248 1.0
247 246 1.0
248 268 1.0
248 228 1.0
248 249 1.0
248 247 1.0
249 269 1.0
249 229 1.0
249 250 1.0
249 248 1.0
250 270 1.0
250 230 1.0
250 251 1.0
250 249 1.0
251 271 1.0
251 231 1.0
251 252 1.0
251 250 1.0
252 272 1.0
252 232 1.0
252 253 1.0
252 251 1.0
253 273 1.0
253 233 1.0
253 254 1.0
253 252 1.0
254 274 1.0
254 234 1.0
254 255 1.0
254 253 1.0
255 275 1.0
255 235 1.0
255 256 1.0
255 254 1.0
256 276 1.0
256 236 1.0
256 257 1.0
256 255 1.0
257 277 1.0
257 237 1.0
257 258 1.0
257 256 1.0
258 278 1.0
258 238 1.0
258 259 1.0
258 257 1.0
259 279 1.0
259 239 1.0
259 240 1.0
259 258 1.0
260 280 1.0
260 240 1.0
260 261 1.0
260 279 1.0
261 281 1.0
261 241 1.0
261 262 1.0
261 260 1.0
262 282 1.0
262 242 1.0
262 263 1.0
262 261 1.0
263 283 1.0
263 243 1.0
263 264 1.0
263 262 1.0
264 284 1.0
264 244 1.0
264 265 1.0
264 263 1.0
265 285 1.0
265 245 1.0
265 266 1.0
265 264 1.0
266 286 1.0
266 246 1.0
266 267 1.0
266 265 1.0
267 287 1.0
267 247 1.0
267 268 1.0
267 266 1.0
268 288 1.0
268 248 1.0
268 269 1.0
268 267 1.0
269 289 1.0
269 249 1.0
269 270 1.0
269 268 1.0
270 290 1.0
270 250 1.0
270 271 1.0
270 269 1.0
271 291 1.0
271 251 1.0
271 272 1.0
271 270 1.0
272 292 1.0
272 252 1.0
272 273 1.0
272 271 1.0
273 293 1.0
273 253 1.0
273 274 1.0
273 272 1.0
274 294 1.0
274 254 1.0
274 275 1.0
274 273 1.0
275 295 1.0
275 255 1.0
275 276 1.0
275 274 1.0
276 296 1.0
276 256 1.0
276 277 1.0
276 275 1.0
277 297 1.0
277 257 1.0
277 278 1.0
277 276 1.0
278 298 1.0
278 258 1.0
278 279 1.0
278 277 1.0
279 299 1.0
279 259 1.0
279 260 1.0
279 278 1.0
280 300 1.0
280 260 1.0
280 281 1.0
280 299 1.0
281 301 1.0
281 261 1.0
281 282 1.0
281 280 1.0
282 302 1.0
282 262 1.0
282 283 1.0
282 281 1.0
283 303 1.0
283 263 1.0
283 284 1.0
283 282 1.0
284 304 1.0
284 264 1.0
284 285 1.0
284 283 1.0
285 305 1.0
285 265 1.0
285 286 1.0
285 284 1.0
286 306 1.0
286 266 1.0
286 287 1.0
286 285 1.0
287 307 1.0
287 267 1.0
287 288 1.0
287 286 1.0
288 308 1.0
288 268 1.0
288 289 1.0
288 287 1.0
289 309 1.0
289 269 1.0
289 290 1.0
289 288 1.0
290 310 1.0
290 270 1.0
290 291 1.0
290 289 1.0
291 311 1.0
291 271 1.0
291 292 1.0
291 290 1.0
292 312 1.0
292 272 1.0
292 293 1.0
292 291 1.0
293 313 1.0
293 273 1.0
293 294 1.0
293 292 1.0
294 314 1.0
294 274 1.0
294 295 1.0
294 293 1.0
295 315 1.0
295 275 1.0
295 296 1.0
295 294 1.0
296 316 1.0
296 276 1.0
296 297 1.0
296 295 1.0
297 317 1.0
297 277 1.0
297 298 1.0
297 296 1.0
298 318 1.0
298 278 1.0
298 299 1.0
298 297 1.0
299 319 1.0
299 279 1.0
299 280 1.0
299 298 1.0
300 320 1.0
300 280 1.0
300 301 1.0
300 319 1.0
301 321 1.0
301 281 1.0
301 302 1.0
301 300 1.0
302 322 1.0
302 282 1.0
302 303 1.0
302 301 1.0
303 323 1.0
303 283 1.0
303 304 1.0
303 302 1.0
304 324 1.0
304 284 1.0
304 305 1.0
304 303 1.0
305 325 1.0
305 285 1.0
305 306 1.0
305 304 1.0
306 326 1.0
306 286 1.0
306 307 1.0
306 305 1.0
307 327 1.0
307 287 1.0
307 308 1.0
307 306 1.0
308 328 1.0
308 288 1.0
308 309 1.0
308 307 1.0
309 329 1.0
309 289 1.0
309 310 1.0
309 308 1.0
310 330 1.0
310 290 1.0
310 311 1.0
310 309 1.0
311 331 1.0
311 291 1.0
311 312 1.0
311 310 1.0
312 332 1.0
312 292 1.0
312 313 1.0
312 311 1.0
313 333 1.0
313 293 1.0
313 314 1.0
313 312 1.0
314 334 1.0
314 294 1.0
314 315 1.0
314 313 1.0
315 335 1.0
315 295 1.0
315 316 1.0
315 314 1.0
316 336 1.0
316 296 1.0
316 317 1.0
316 315 1.0
317 337 1.0
317 297 1.0
317 318 1.0
317 316 1.0
318 338 1.0
318 298 1.0
318 319 1.0
318 317 1.0
319 339 1.0
319 299 1.0
319 300 1.0
319 318 1.0
320 340 1.0
320 300 1.0
320 321 1.0
320 339 1.0
321 341 1.0
321 301 1.0
321 322 1.0
321 320 1.0
322 342 1.0
322 302 1.0
322 323 1.0
322 321 1.0
323 343 1.0
323 303 1.0
323 324 1.0
323 322 1.0
324 344 1.0
324 304 1.0
324 325 1.0
324 323 1.0
325 345 1.0
325 305 1.0
325 326 1.0
325 324 1.0
326 346 1.0
326 306 1.0
326 327 1.0
326 325 1.0
327 347 1.0
327 307 1.0
327 328 1.0
327 326 1.0
328 348 1.0
328 308 1.0
328 329 1.0
328 327 1.0
329 349 1.0
329 309 1.0
329 330 1.0
329 328 1.0
330 350 1.0
330 310 1.0
330 331 1.0
330 329 1.0
331 351 1.0
331 311 1.0
331 332 1.0
331 330 1.0
332 352 1.0
332 312 1.0
332 333 1.0
332 331 1.0
333 353 1.0
333 313 1.0
333 334 1.0
333 332 1.0
334 354 1.0
334 314 1.0
334 335 1.0
334 333 1.0
335 355 1.0
335 315 1.0
335 336 1.0
335 334 1.0
336 356 1.0
336 316 1.0
336 337 1.0
336 335 1.0
337 357 1.0
337 317 1.0
337 338 1.0
337 336 1.0
338 358 1.0
338 318 1.0
338 339 1.0
338 337 1.0
339 359 1.0
339 319 1.0
339 320 1.0
339 338 1.0
340 360 1.0
340 320 1.0
340 341 1.0
340 359 1.0
341 361 1.0
341 321 1.0
341 342 1.0
341 340 1.0
342 362 1.0
342 322 1.0
342 343 1.0
342 341 1.0
343 363 1.0
343 323 1.0
343 344 1.0
343 342 1.0
344 364 1.0
344 324 1.0
344 345 1.0
344 343 1.0
345 365 1.0
345 325 1.0
345 346 1.0
345 344 1.0
346 366 1.0
346 326 1.0
346 347 1.0
346 345 1.0
347 367 1.0
347 327 1.0
347 348 1.0
347 346 1.0
348 368 1.0
348 328 1.0
348 349 1.0
348 347 1.0
349 369 1.0
349 329 1.0
349 350 1.0
349 348 1.0
350 370 1.0
350 330 1.0
350 351 1.0
350 349 1.0
351 371 1.0
351 331 1.0
351 352 1.0
351 350 1.0
352 372 1.0
352 332 1.0
352 353 1.0
352 351 1.0
353 373 1.0
353 333 1.0
353 354 1.0
353 352 1.0
354 374 1.0
354 334 1.0
354 355 1.0
354 353 1.0
355 375 1.0
355 335 1.0
355 356 1.0
355 354 1.0
356 376 1.0
356 336 1.0
356 357 1.0
356 355 1.0
357 377 1.0
357 337 1.0
357 358 1.0
357 356 1.0
358 378 1.0
358 338 1.0
358 359 1.0
358 357 1.0
359 379 1.0
359 339 1.0
359 340 1.0
359 358 1.0
360 380 1.0
360 340 1.0
360 361 1.0
360 379 1.0
361 381 1.0
361 341 1.0
361 362 1.0
361 360 1.0
362 382 1.0
362 342 1.0
362 363 1.0
362 361 1.0
363 383 1.0
363 343 1.0
363 364 1.0
363 362 1.0
364 384 1.0
364 344 1.0
364 365 1.0
364 363 1.0
365 385 1.0
365 345 1.0
365 366 1.0
365 364 1.0
366 386 1.0
366 346 1.0
366 367 1.0
366 365 1.0
367 387 1.0
367 347 1.0
367 368 1.0
367 366 1.0
368 388 1.0
368 348 1.0
368 369 1.0
368 367 1.0
369 389 1.0
369 349 1.0
369 370 1.0
369 368 1.0
370 390 1.0
370 350 1.0
370 371 1.0
370 369 1.0
371 391 1.0
371 351 1.0
371 372 1.0
371 370 1.0
372 392 1.0
372 352 1.0
372 373 1.0
372 371 1.0
373 393 1.0
373 353 1.0
373 374 1.0
373 372 1.0
374 394 1.0
374 354 1.0
374 375 1.0
374 373 1.0
375 395 1.0
375 355 1.0
375 376 1.0
375 374 1.0
376 396 1.0
376 356 1.0
376 377 1.0
376 375 1.0
377 397 1.0
377 357 1.0
377 378 1.0
377 376 1.0
378 398 1.0
378 358 1.0
378 379 1.0
378 377 1.0
379 399 1.0
379 359 1.0
379 360 1.0
379 378 1.0
380 0 1.0
380 360 1.0
380 381 1.0
380 399 1.0
381 1 1.0
381 361 1.0
381 382 1.0
381 380 1.0
382 2 1.0
382 362 1.0
382 383 1.0
382 381 1.0
383 3 1.0
383 363 1.0
383 384 1.0
383 382 1.0
384 4 1.0
384 364 1.0
384 385 1.0
384 383 1.0
385 5 1.0
385 365 1.0
385 386 1.0
385 384 1.0
386 6 1.0
386 366 1.0
386 387 1.0
386 385 1.0
387 7 1.0
387 367 1.0
387 388 1.0
387 386 1.0
388 8 1.0
388 368 1.0
388 389 1.0
388 387 1.0
389 9 1.0
389 369 1.0
389 390 1.0
389 388 1.0
390 10 1.0
390 370 1.0
390 391 1.0
390 389 1.0
391 11 1.0
391 371 1.0
391 392 1.0
391 390 1.0
392 12 1.0
392 372 1.0
392 393 1.0
392 391 1.0
393 13 1.0
393 373 1.0
393 394 1.0
393 392 1.0
394 14 1.0
394 374 1.0
394 395 1.0
394 393 1.0
395 15 1.0
395 375 1.0
395 396 1.0
395 394 1.0
396 16 1.0
396 376 1.0
396 397 1.0
396 395 1.0
397 17 1.0
397 377 1.0
397 398 1.0
397 396 1.0
398 18 1.0
398 378 1.0
398 399 1.0
398 397 1.0
399 19 1.0
399 379 1.0
399 380 1.0
399 398 1.0
